num 6
bus a b c d e P_min P_max
1 0 200 37.5 300 0.035 0.5 2.0
2 0 175 175 200 0.042 0.2 0.8
5 0 100 625 200 0.042 0.15 0.5
8 0 325 83.4 150 0.084 0.1 0.35
11 0 300 250 150 0.084 0.1 0.3
13 0 300 250 150 0.063 0.12 0.4
bus alpha beta gamma mu eta
1 0.04091 -0.05554 0.0649 0.0002 2.857
2 0.02543 -0.06047 0.05638 0.0005 3.333
5 0.04258 -0.05094 0.04586 0.000001 8
8 0.05326 -0.0355 0.0338 0.002 2
11 0.04258 -0.05094 0.04586 0.000001 8
13 0.06131 -0.05555 0.05151 0.00001 6.667
B
0.1382 -0.0299 0.0044 -0.0022 -0.0010 -0.0008
-0.0299 0.0487 -0.0025 0.0004 0.0016 0.0041
0.0044 -0.0025 0.0182 -0.0070 -0.0066 -0.0066
-0.0022 0.0004 -0.0070 0.0137 0.0050 0.0033
-0.0010 0.0016 -0.0066 0.0050 0.0109 0.0005
-0.0008 0.0041 -0.0066 0.0033 0.0005 0.0244
B0
-0.0107 0.0060 -0.0017 0.0009 0.0002 0.0030
B00
0.00098573